1 0.271875 0.4375 0.1484375 0.175
1 0.33671875 0.78515625 0.16484375 0.153125
1 0.35859375 0.6234375 0.19140625 0.19140625
1 0.440625 0.37890625 0.15 0.15703125
1 0.56328125 0.50546875 0.18671875 0.16171875
1 0.60078125 0.665625 0.19375 0.2
1 0.74296875 0.41796875 0.1671875 0.16171875
1 0.76484375 0.89765625 0.1625 0.18828125
1 0.8078125 0.71640625 0.1578125 0.15703125
1 0.92109375 0.3171875 0.153125 0.14609375
1 0.9484375 0.4359375 0.0984375 0.18671875
1 0.9671875 0.57578125 0.06171875 0.1328125