0 0.240625 0.48046875 0.36328125 0.22421875
0 0.3796875 0.52734375 0.43828125 0.275
0 0.63359375 0.6 0.5390625 0.38828125
0 0.45 0.2765625 0.01484375 0.0203125
0 0.58515625 0.3421875 0.01171875 0.01328125
0 0.58671875 0.28203125 0.009375 0.00859375
0 0.58671875 0.3015625 0.009375 0.00859375
0 0.58671875 0.31875 0.00859375 0.01171875
0 0.6421875 0.35859375 0.01640625 0.025
0 0.66328125 0.26796875 0.05078125 0.07890625
0 0.6828125 0.35625 0.0171875 0.01875
0 0.6828125 0.37109375 0.0109375 0.00859375
0 0.8734375 0.31953125 0.04375 0.03515625
0 0.90546875 0.31171875 0.01640625 0.01875
0 0.98125 0.31796875 0.03515625 0.028125
0 0.98125 0.3984375 0.028125 0.01875