0 0.753125 0.69140625 0.4640625 0.478125
0 0.1671875 0.4546875 0.04765625 0.0375
0 0.20546875 0.44453125 0.0046875 0.0171875
0 0.2265625 0.44140625 0.0234375 0.015625
0 0.25703125 0.475 0.059375 0.06015625
0 0.2484375 0.43515625 0.009375 0.015625
0 0.28046875 0.453125 0.034375 0.0484375
0 0.3796875 0.43984375 0.0234375 0.0234375
0 0.39921875 0.45703125 0.0453125 0.0546875
0 0.42421875 0.43984375 0.02265625 0.025
0 0.46953125 0.48203125 0.09375 0.11875
0 0.53203125 0.446875 0.03203125 0.03671875
0 0.55546875 0.478125 0.0625 0.0609375
0 0.55546875 0.44375 0.01484375 0.01171875