0 0.18828125 0.91015625 0.13984375 0.16640625
0 0.0328125 0.81484375 0.0625 0.0890625
0 0.03203125 0.7328125 0.0453125 0.075
0 0.05 0.67578125 0.03828125 0.05625
0 0.08203125 0.72734375 0.04765625 0.07734375
0 0.0953125 0.81953125 0.06640625 0.08203125
0 0.09140625 0.66171875 0.03046875 0.05859375
0 0.13046875 0.728125 0.04375 0.065625
0 0.13359375 0.66875 0.0234375 0.0421875
0 0.16328125 0.821875 0.0703125 0.08671875
0 0.1703125 0.746875 0.0484375 0.0703125
0 0.1765625 0.66171875 0.028125 0.05859375
0 0.2171875 0.66875 0.03046875 0.05625
0 0.26015625 0.66171875 0.0296875 0.05859375
0 0.27421875 0.69921875 0.0390625 0.05859375
0 0.2828125 0.75078125 0.04296875 0.0890625
0 0.3015625 0.66640625 0.028125 0.04921875
0 0.3765625 0.91953125 0.134375 0.1265625
0 0.334375 0.75546875 0.04296875 0.07265625
0 0.34296875 0.66484375 0.03125 0.05859375
0 0.3875 0.8125 0.05390625 0.0890625
0 0.38203125 0.66640625 0.03203125 0.03984375
0 0.3921875 0.73984375 0.03984375 0.08671875
0 0.459375 0.809375 0.06171875 0.0984375
0 0.4546875 0.6640625 0.04375 0.065625
0 0.525 0.81015625 0.053125 0.1078125
0 0.58046875 0.9203125 0.153125 0.13828125
0 0.52578125 0.65234375 0.0359375 0.05859375
0 0.553125 0.72578125 0.04765625 0.05859375
0 0.54921875 0.559375 0.009375 0.028125
0 0.56171875 0.559375 0.015625 0.028125
0 0.57421875 0.57109375 0.0140625 0.028125
0 0.59140625 0.71328125 0.04375 0.0609375
0 0.6015625 0.803125 0.06171875 0.103125
0 0.5890625 0.5734375 0.009375 0.028125
0 0.60703125 0.57109375 0.01875 0.028125
0 0.6375 0.70703125 0.053125 0.06796875
0 0.63203125 0.5734375 0.01875 0.03515625
0 0.64140625 0.67421875 0.034375 0.0421875
0 0.6796875 0.81171875 0.071875 0.10546875
0 0.65625 0.57734375 0.01484375 0.03046875
0 0.678125 0.70234375 0.05 0.05859375
0 0.6734375 0.5796875 0.01640625 0.028125
0 0.70078125 0.68046875 0.05859375 0.0609375
0 0.6921875 0.5796875 0.0125 0.028125
0 0.7140625 0.57734375 0.01953125 0.03046875
0 0.734375 0.5796875 0.0125 0.03046875
0 0.77578125 0.7015625 0.06171875 0.0609375
0 0.75625 0.58046875 0.01953125 0.02578125
0 0.7765625 0.58046875 0.009375 0.02578125
0 0.79609375 0.5796875 0.0234375 0.03515625
0 0.81875 0.5828125 0.01484375 0.028125
0 0.840625 0.578125 0.0125 0.0375
0 0.86796875 0.6953125 0.06328125 0.0609375
0 0.85859375 0.584375 0.01640625 0.02578125
0 0.88515625 0.58203125 0.034375 0.03984375
0 0.93046875 0.81484375 0.0875 0.0890625
0 0.9359375 0.74609375 0.09765625 0.0890625
0 0.921875 0.584375 0.0203125 0.028125
0 0.97734375 0.73671875 0.04296875 0.09375