0 0.06328125 0.553125 0.1265625 0.1484375
0 0.134375 0.54296875 0.07734375 0.12421875
0 0.17890625 0.546875 0.065625 0.1140625
0 0.284375 0.540625 0.1609375 0.1078125
0 0.38046875 0.54140625 0.15234375 0.078125
0 0.65390625 0.5265625 0.05859375 0.06328125
0 0.6890625 0.53125 0.05625 0.0703125
0 0.71796875 0.53359375 0.0671875 0.08671875
0 0.7484375 0.53359375 0.05390625 0.11953125
0 0.78984375 0.53203125 0.05078125 0.13671875
0 0.8484375 0.5328125 0.13984375 0.153125
0 0.92578125 0.5421875 0.1453125 0.2015625