0 0.06953125 0.28203125 0.1390625 0.0984375
0 0.209375 0.30859375 0.309375 0.140625
0 0.3234375 0.2625 0.15 0.109375
0 0.425 0.2515625 0.05546875 0.06640625
0 0.45390625 0.24375 0.03515625 0.0328125
0 0.5890625 0.315625 0.2640625 0.1953125
0 0.47890625 0.22578125 0.0234375 0.025
0 0.55 0.2359375 0.0765625 0.05859375
0 0.7234375 0.2390625 0.0234375 0.04140625
0 0.7609375 0.2359375 0.01953125 0.02578125
0 0.81171875 0.24609375 0.04296875 0.0453125
0 0.88984375 0.29375 0.1375 0.11875
0 0.9875 0.24609375 0.0234375 0.0453125