1 0.6441163421742188 0.5110103749315761 0.39811455423577724 0.24901085524070002
0 0.8555994114536908 0.5097545596240582 0.020386707838416385 0.07733385024955718
0 0.443235803773559 0.5673492651143154 0.024937815518548588 0.07166731281194648
0 0.14636080377355898 0.604301894065637 0.010238818025830954 0.04075025845811193
0 0.13386080377355897 0.6058577942320083 0.008676318025830954 0.04055577093731557
0 0.10261080377355898 0.6097475446479369 0.008539925705962893 0.03430577093731557
0 0.07761080377355897 0.6128593449806797 0.013272889812585564 0.03697256683303796
0 0.03703126788018165 0.6199993538547202 0.008539925705962893 0.03430577093731557
0 0.11046876788018167 0.6108584403772881 0.008585389812585564 0.036389104270648905
0 0.024531267880181656 0.6215552540210917 0.008539925705962893 0.03430577093731557
0 0.11984376788018167 0.6096915152525094 0.008585389812585564 0.036389104270648905
0 0.05890626788018165 0.6172765285635703 0.01005696159934022 0.03241692512477859
0 0.4105142319868043 0.5756001697177072 0.02480142319868044 0.06541731281194624