0 0.7539511377178376 0.23091888578956835 0.07238873035529281 0.11742052456000478
1 0.45110861993515733 0.4199249893781629 0.8603383023145836 0.4396104293400416
0 0.90346733250777 0.4986469250673873 0.08428091645877274 0.3487697149558759
0 0.35276951158193653 0.6668001432822858 0.10265842721213972 0.13637038149086494
0 0.11784654797586665 0.7325317866424906 0.12537248924663302 0.2136498950131603
0 0.2537112733687608 0.7360508314872408 0.0975771290313853 0.27413929041874857
0 0.016446829612285822 0.8133151941747342 0.032893659224571645 0.3275649677887207
0 0.8881547398703148 0.8397276412135722 0.10262850206691461 0.28586231259032074
0 0.5769261414418914 0.8463684166052075 0.11952490363849115 0.2766660418611631
0 0.14116842390688006 0.8859625896816858 0.13809081306795062 0.2187290262441049
0 0.47020095244292737 0.9084994567588262 0.10240587014004525 0.17365529208982441
0 0.34825317783582144 0.9121544322066361 0.13002144789030412 0.16230239809550567