0 0.6145338907731743 0.20120871669787213 0.012165807326946342 0.03616831824481198
0 0.5664239393936933 0.2063600209430142 0.009450243102595124 0.047631964406924666
0 0.6820489393936934 0.21647741341432586 0.020217324739800802 0.0883583968126052
0 0.5007989393936934 0.2006177171079454 0.016519114653892684 0.0716530288902109
0 0.5400252137039528 0.2087305907857613 0.011340291723114149 0.05715835728830964
0 0.4915877137039528 0.20449222366940104 0.010023453188503239 0.06406388928955377
0 0.5182321008590826 0.20916390734778065 0.015038501809022265 0.07386372521070393
0 0.5855014880142123 0.2173903505431076 0.01158595318850324 0.06420061080943633
0 0.39964587516934214 0.20346790751745497 0.012002033016686741 0.03147348256406074
0 0.5731652623244718 0.22099141406479805 0.011012743102595124 0.04776868592680729
0 0.38574714947960165 0.2069322495192628 0.012329581637205766 0.04086315392556315
0 0.14059842378986115 0.19016180657844733 0.028439260515449583 0.1007790936138961
0 0.4780984237898611 0.21969365487308684 0.02186835594746519 0.04637831872560982
0 0.6110746981001206 0.23600981974385818 0.022939533016686654 0.032430533203238854
1 0.2673180540475859 0.2503953028169419 0.28088923111680747 0.23754128945363168
0 0.41624687697836443 0.27746835424804145 0.02893058344622812 0.11486360065614958
0 0.5090075870642726 0.30196684880374336 0.03632700361804453 0.14827433650093824
0 0.7561216044771273 0.37507531991357296 0.039779552238563554 0.1579374509022057
0 0.21146420171816524 0.3461388521975537 0.025730340343633085 0.06777852232875521
0 0.13958920171816525 0.3398496622829545 0.018579581637205765 0.041410040005093525
0 0.09937363749381403 0.34803199196788515 0.03617651741285455 0.05465106592567987
0 0.059158073269462784 0.35621432165281575 0.024665807326946277 0.037262090403872586
0 0.22659123473485204 0.3778857778013796 0.019234678878243816 0.06018938272809822
0 0.6208325576656305 0.42642410785404583 0.06889384215265544 0.14410323489734575
0 0.4825889292169281 0.4377300709882512 0.07498006784239593 0.13995528529612505
0 0.2370241236990041 0.4536867562928113 0.033542840343633085 0.06846212992816814
0 0.20906289800926361 0.4559206046156759 0.03492827792830413 0.15283245066180684
0 0.17764247964646937 0.4929555559845265 0.023997421980838853 0.10741118257537507
0 0.15724144843880491 0.5332949758329308 0.03649077792830413 0.15296917218168926
0 0.25501720714523224 0.5675933063097829 0.047906312754013136 0.2569391647576281
1 0.5237539190401628 0.6800378426240954 0.6092266723195232 0.49561614938637005
0 0.191187080505552 0.6579584124102306 0.06459584577069996 0.2888228118813367
0 0.09957279059146026 0.6663237676197868 0.04519074852966196 0.26840281091974083
0 0.05047354929788754 0.6877702752276754 0.06344278154634875 0.30042317956333203
0 0.21486808344622813 0.13113346152217784 0.04012038896415204 0.07839868736920093
0 0.2712818577564876 0.14075027191870226 0.03222600180902226 0.07536766192941241
0 0.5327925678423958 0.18001469062172393 0.006823210085908293 0.016978810962159478
0 0.47843261646291485 0.18461910878733562 0.010521420171816587 0.033684178884553766