0 0.6003808896460655 0.36156250293937153 0.022405621018452494 0.06734849236596023
0 0.2180542370575819 0.42903103536596054 0.02773015785015547 0.08778151483725104
1 0.5789007317959101 0.4474604708576759 0.18285727360693613 0.1579577440824666
0 0.4533547002258789 0.4594199486945415 0.0495897472985769 0.1377889667407836
0 0.6436156791791915 0.4791875253401423 0.0222992052052021 0.11352399739961475
0 0.2557516581325041 0.47406537484251815 0.03258425782192056 0.14282934870057803
0 0.8725751370858168 0.5121975339478497 0.04248987884037305 0.209639684803982
1 0.8319501370858167 0.510448526094542 0.27695588410204486 0.22262028813731582
0 0.4815861160391293 0.5069408443845865 0.034981215728545935 0.11984250048298015
1 0.16461144766563018 0.5859052174208095 0.2967223525320139 0.20615375160154187
1 0.3981072161520688 0.723297816467181 0.5173974155309018 0.524483693445473
0 0.5259900214702105 0.8358848734089925 0.04522003669052861 0.2963448871161207
1 0.4363939843561588 0.30240881107321843 0.19537268415851478 0.1094302219009637