0 0.3886430847795723 0.3976791370273375 0.041900709677128486 0.0921410668766482
0 0.45634000702931327 0.4157879402794714 0.049096779569504534 0.12267803010027638
0 0.4159333308506309 0.4217369316623367 0.024203787427387446 0.07533731520793237
0 0.2857021753501129 0.4510214516296959 0.03717897642635144 0.14104335598946863
0 0.34827494995721875 0.45498921470709947 0.0401198858558109 0.08509093822027394
0 0.5067424214211715 0.4801363211504405 0.08667386228216234 0.2263789913816333
0 0.27284261042013547 0.5393986697388498 0.06944782092583343 0.17456929360293671
1 0.5439556310982999 0.5721550394411432 0.8146320041338292 0.5908927175546518
0 0.24690084863331122 0.6087580361671022 0.014571922249741043 0.01672218594475236
0 0.09384862324041707 0.607097764291015 0.015008569892376134 0.03074087753353741
0 0.16430667245462877 0.6136058902764584 0.013009422249740998 0.016681403082770354
0 0.14770136931147565 0.6318488675797052 0.009340766749222995 0.049269334870656635
0 0.12767996773989906 0.640664484766465 0.008540246071058587 0.023568400291217387
0 0.13705496773989906 0.6409091819383559 0.008758569892376134 0.03057774608560991
0 0.1622005169541108 0.6462346049263267 0.0172260413563289 0.051809697778696456
0 0.15133579156121665 0.6482855734905848 0.009631865177646404 0.05861512926318
0 0.0909804884180635 0.6653866306583407 0.022859611248705038 0.08230587814034288
0 0.030006601114510572 0.6626278747419845 0.021879308105551866 0.10095668406340813
0 0.0519179884180635 0.6643670591087953 0.021588209677128444 0.09161088967088477
0 0.11136576302516936 0.668253256462235 0.023441808105551853 0.1009974669253896
0 0.07103186145359279 0.6765386964432312 0.028347631926869444 0.10812916130572763