0 0.5316266630676102 0.10792775639071958 0.07374792116548719 0.20374390099529252
0 0.8501398647272842 0.09016061687942727 0.056205223654998096 0.18032123375885453
0 0.7788801713659799 0.10559783326776509 0.0571757278041833 0.1856204257464694
0 0.7043770788345127 0.13119483360390047 0.0516361228251613 0.19753770231360684
0 0.7374729987506001 0.1778441738649406 0.051422635272715844 0.1664333831718224
0 0.3914967253053834 0.2764149484808339 0.06444285352912935 0.12205685842064563
1 0.8904292875431565 0.38531866956074873 0.1776550937808672 0.2818174759210939
1 0.13850454771562612 0.48853501351927814 0.27700909543125224 0.5520966396281104
1 0.46627954729141885 0.5740697778461107 0.7499141377715155 0.7247638046796681
0 0.8931720887832675 0.6378828467870432 0.1050212319533678 0.17971986568448794
0 0.8021434244662575 0.7354786273222372 0.06389932448483515 0.19453648251266528
0 0.7122521302751166 0.7583657695738624 0.06941561867597627 0.20955685842064564
0 0.7499171510210408 0.8066614005935889 0.04093542116548736 0.20068460297276403
0 0.6430751551702258 0.8269843656189195 0.058241320335650215 0.20437042574646944
0 0.8296279618089215 0.8261693292997087 0.061531341081574806 0.15286981584599862
0 0.7466130456410337 0.05032209939209258 0.05146925684847723 0.10064419878418517
0 0.9181328481305446 0.06366381885689869 0.055613227804182944 0.12732763771379738