1 0.9079911469124496 0.8697621200756853 0.1724125624991764 0.22446212187389025
1 0.692475241068251 0.8628968884770346 0.31665348620028233 0.2742062230459308
1 0.4334899788933864 0.7320371390867976 0.14338753571381493 0.13104941673263618
1 0.2605161290555421 0.7684921240490641 0.18880912986961632 0.14497358983058264
1 0.08588432183137172 0.7951278846516316 0.15775004464226872 0.1624779915254856
0 0.6403206314911741 0.6449384233712488 0.04470457386326192 0.09993828207158041
0 0.8674013287312305 0.7117815110832028 0.03206820616851012 0.0852733760828749
0 0.8708500624991762 0.26782207732614377 0.024255706168510117 0.0847883653954895
0 0.5316705600635443 0.39389783357836317 0.032777318181219074 0.15749559830509713
0 0.4073603068171333 0.2973457758287852 0.026909147726523842 0.1959964786440777
0 0.365145533278183 0.2919489403391263 0.03940914772652384 0.19677249574389433
0 0.31199325973923264 0.2858730898871279 0.03631142126547413 0.19935626924671795