1 0.709824944048363 0.2701491617867777 0.43537051332783516 0.29579416635049693
0 0.5074273697543259 0.30576524151709505 0.0376196719450391 0.08676123851787848
0 0.8076092261808165 0.3177209034883647 0.020858069279472247 0.02821409296154771
0 0.4677116518867795 0.3521407939117566 0.021449102665567033 0.058587924737248644
1 0.5152973572179136 0.4693574225671718 0.44918897241989286 0.3636599201787392
0 0.6099111752437445 0.514565529550016 0.027153533386094962 0.030604913800902394
0 0.25558738809672593 0.5301714936456075 0.03739235141192578 0.07507899552722427
0 0.20364445486891566 0.5904569931466063 0.024846887305303135 0.0726338024466456
1 0.26234951662654044 0.7171145676166867 0.403723359725196 0.4356820349116161
0 0.3663837987589941 0.7647406815594976 0.01929556927947216 0.028200499901241616
0 0.03596417603516731 0.965102794691403 0.035511602665567035 0.05871026228000242
0 0.08444714014178997 0.9674834207355284 0.04327863855894436 0.05568736413641985
0 0.7148186694377567 0.12535731400419542 0.03426735141192587 0.07505180940661228
0 0.6796540592503424 0.1647642997853824 0.03238660266556703 0.05868307615939043