0 0.7315604288220114 0.4332533903809702 0.009693334980972069 0.012580601566947198
0 0.8281170938410394 0.43565259474993034 0.01345500494291585 0.036244540407019896
0 0.690553426844845 0.4511649691336915 0.01151050296574958 0.02207612238885277
1 0.40142725984865074 0.48120080716752234 0.6794699130790429 0.6290542932350827
0 0.8388635928524563 0.44161385553864774 0.006024506920082118 0.04951459984889416
0 0.7169885928524563 0.4532925170304564 0.008703837946721471 0.03345891252074256
0 0.8903624258562619 0.4390093319671672 0.01559050790866543 0.05742230421957954
0 0.7512999258562619 0.4523349841821797 0.018524506920082295 0.05071241128395144
0 0.8542339248676788 0.44946238563734947 0.017662343878220455 0.07626361943400849
1 0.03913680136914403 0.5330411111180107 0.07827360273828805 0.17690843196958606
0 0.7852292568829011 0.465396142922688 0.018235346843970036 0.09729165681718618
0 0.7711667568829011 0.4667436807871274 0.011603344866803766 0.08267405951087244
0 0.9758542568829011 0.4471295185380642 0.018171679847775835 0.0949552082190552
0 0.8710394228905123 0.46183408650293073 0.01855368182494175 0.10897389980784025
0 0.9147257558943181 0.459978195078361 0.022731845855386724 0.09073149031094016
0 0.9444132558943179 0.45713339292009997 0.017980678859192523 0.08794586242466268
0 0.010702089411005719 0.598371119708276 0.021404178822011437 0.19413413434622573
0 0.8092450770351256 0.5563087375484249 0.0606377055509383 0.2807916331784328
0 0.727931410038931 0.5664309604744281 0.06650570357377177 0.2673718473071763