0 0.722858231382639 0.08193343185771357 0.020967116641249995 0.04435766611158027
0 0.13554006933854176 0.16018477837180256 0.02434668977951393 0.061066897274684666
0 0.47013327488562506 0.13631573550841994 0.03023301386770818 0.03841059324575319
0 0.7877571859797918 0.12841288460285902 0.025654616641250173 0.04488880257586296
0 0.16221297853284738 0.2648286860763134 0.031940984232430567 0.04793343312637087
1 0.07940047853284737 0.2742120969453082 0.1482206008736806 0.1030908740116998
0 0.5593425516711112 0.23621427228729194 0.035247822188333444 0.059969767093213514
1 0.4204618896270141 0.26365356371833365 0.13012521751493064 0.14302240292092405
0 0.9614141979476389 0.22342386222090369 0.04153418977951375 0.0630143976437213
1 0.7474608007211808 0.25468843988420725 0.18546733415618064 0.19127506977057765
0 0.19131990349472244 0.32472597944014975 0.025872822188333356 0.05890749416464807
0 0.613558579406528 0.30028818363601295 0.03833645459715278 0.05798740947127111
1 0.106073387727153 0.378856004649819 0.1953501740119445 0.12475737884144296
1 0.44128484232430576 0.3947065879546607 0.08561280452090295 0.18928995292506956
0 0.2303473423243058 0.4186077288473833 0.030705792553055566 0.0687844250214542
0 0.6932110182361113 0.3895667503527962 0.04633079255305557 0.07055487990239658
1 0.8763508265567364 0.38988046562894757 0.13092661094166685 0.2947145163113345
1 0.1389235617390975 0.47811883320569115 0.23797408510611123 0.15757499019755758
1 0.568902002468542 0.44812291276482147 0.20879573138263902 0.1869214062975987
1 0.9510838954687675 0.46981323795320745 0.09783220906246512 0.28504948819552833
0 0.1881624551658337 0.6246766274413685 0.02536367591180557 0.02619721379081643
1 0.1810409393982643 0.6699543782463259 0.29488000816812515 0.3062949467668373
1 0.656222777354167 0.6278147928563306 0.2952436840799308 0.3296594327481457
0 0.9089139791015282 0.7723847110229343 0.032413762917777686 0.07830726490207167
0 0.36520034669270884 0.836332989477861 0.03510235182361114 0.05062397270069035
0 0.45273671428388945 0.8287548907427144 0.02725348423243048 0.04740229666208825
0 0.9496480818750699 0.7747908741268765 0.04542290919430556 0.11243390918065746
0 0.8684344494662504 0.7863336881059079 0.05029224715020817 0.12464728863559442
0 0.10774107123840282 0.08375529933295607 0.027326219414791707 0.052075193858349765
0 0.863530050339931 0.873490468189126 0.027180749050069508 0.042729399465826566
0 0.9479232341355214 0.8650982361311024 0.03201371941479181 0.052606330322632684
0 0.41573540919430557 0.06055958116904471 0.0321228221883334 0.05961567611702503