1 0.19886553143153143 0.17143044480332606 0.02899829528527027 0.025654564934808142
1 0.3551155314315314 0.1750669166633714 0.030560795285270358 0.025690929653408644
1 0.31100165839600213 0.18446537120922535 0.032050520678164406 0.0236439610386757
1 0.25631415839600213 0.1831926060582095 0.030488020678164408 0.02360759632007531
1 0.260055588503626 0.21038503354734417 0.02452911910658786 0.0317954707790068
1 0.38803503928941424 0.21753360713924805 0.03197774607105854 0.021560627705342363
1 0.3238997646823084 0.21812598700996275 0.029289393713693723 0.03398789826814148
1 0.2669947932183557 0.23556685714034648 0.0293621683207995 0.03607123160147481
1 0.335599244004144 0.24133357142543307 0.034049668320799586 0.036180325757276206
1 0.4027139693970382 0.24498058765858588 0.03241439371369377 0.034060627705342364
1 0.4270589979330854 0.26431242315619313 0.04015411910658777 0.03215911796501132
1 0.20354872332597954 0.26119560172966166 0.04015411910658786 0.03215911796501132
1 0.3503509487188737 0.26669721861143764 0.034267992142117086 0.042430325757276205
1 0.27535094871887367 0.26495171211861585 0.03583049214211709 0.04246669047587665
1 0.37560350579096824 0.3048154188276453 0.045132717535011226 0.04060154545414605
1 0.4584160057909683 0.30674274891346925 0.05323631596343468 0.049116702380481554
1 0.2881035057909682 0.3027789945860199 0.04542381596343468 0.04893487878747938
1 0.20358295657675654 0.3049819664482621 0.0469135413563289 0.04688791017274643
1 0.40496136600621596 0.35970937986632107 0.06468323821317572 0.06395458874401806
1 0.3063783167920042 0.36158506926115913 0.058360463606069855 0.06172579653628295
0 0.46887400868645235 0.4550230627661405 0.014644696856846906 0.01699394913407074
0 0.49536373407934653 0.45772459631568163 0.013082196856846907 0.016957584415470232
0 0.6000512340793465 0.4601610324619119 0.021040246071058633 0.021306074675139185
0 0.6249784594722406 0.4628262012928525 0.010248295285270359 0.025218188311602673
0 0.36404095947224063 0.4567532932865768 0.013300520678164496 0.02320758441547023
0 0.33584318486513476 0.458182061685102 0.01627997146395277 0.019113647186004574
0 0.1997601356509231 0.45918499783352923 0.017915246071058544 0.021233345237938295
0 0.2247601356509231 0.4597668333311365 0.013518844499481996 0.029457584415470233
1 0.4857318689017001 0.5096261060560126 0.09517125889134022 0.08756218506409337
1 0.6137113196874884 0.5167746796479165 0.10639985731976367 0.09615007142763
1 0.35121131968748837 0.5106654069230403 0.08743153349844598 0.08946369480442443
1 0.21363854508038252 0.5095486450195338 0.08274403349844599 0.08935460064862315
0 0.7034972576529951 0.5876701980453433 0.015299668320799497 0.035743949134070856
0 0.5752994830458892 0.5867716244534393 0.02162244292790554 0.03797274134180597
0 0.7362369830458892 0.5905171904692861 0.012320217535011224 0.03983788636353651
0 0.5439767084387833 0.5881276634147636 0.0168621683207995 0.03578031385267124
0 0.4062583846174658 0.5911775681779238 0.01344606989237609 0.0273742510821369
0 0.2359458846174658 0.5872138138504742 0.014935795285270271 0.025327282467404188
0 0.3734458846174658 0.5904139090873142 0.014863020678164408 0.023243949134070855
0 0.19837311001035993 0.5884243939373968 0.016571069892376132 0.02744698051933791
1 0.5590537448327135 0.6489443419860353 0.13383565260503386 0.12176827164383752
1 0.7246787448327134 0.6527990021576834 0.14342897642635144 0.1282364599554403
1 0.39313764640429005 0.6534230151477206 0.11501287799792807 0.11924856168729885
1 0.21791932258297247 0.6556001666644699 0.10585620181924557 0.12528037337569606
0 0.9128636414418914 0.7718551958788724 0.019006865177646402 0.052483345237938295
0 0.6938953176205738 0.7730141352748089 0.018351893713693813 0.03373334523793829
0 0.8720203176205737 0.7771597131952606 0.014173815963434677 0.04820758441547023
0 0.6499269937992562 0.7782459231539962 0.026455492142117086 0.042248502164273796
0 0.4747086699779386 0.7804230746707456 0.015081344499482086 0.029493949134070854
0 0.4292506207637269 0.7835351644979991 0.017080492142117265 0.04203031385267124
0 0.24473007154951518 0.7834107943698122 0.014863020678164408 0.023243949134070855
0 0.1977095223353035 0.7864865194784654 0.015081344499481997 0.029493949134070854
1 0.883390157157657 0.854570328995998 0.17969611621110387 0.1832031504313169
1 0.6767035095150218 0.8622701861407382 0.18416529238978613 0.1770622445871183
1 0.45922491108659846 0.8655488235886086 0.1654152923897861 0.17662586796391294
1 0.22597576344396333 0.872630480517141 0.14695639081820958 0.18452282467404094