1 0.06321470542635743 0.4417623701258689 0.0810473457733484 0.16575301466354955
1 0.7419800555186425 0.5559514910333213 0.172212566315984 0.21850135159593928
1 0.3835062214654864 0.5383924121833273 0.5770163895717986 0.520625607210498
0 0.78747183065707 0.6289638611591902 0.04468834361388012 0.2180563756581155
0 0.6877116625507579 0.6562025997450615 0.05087778685861988 0.24977997233876745
0 0.8581242921004073 0.6754932791420877 0.06231593460686646 0.26130169792695573
0 0.7428998102990045 0.6721445610193358 0.07169093460686646 0.26224889128825973
0 0.9810158698320418 0.7012539862003463 0.03796826033591642 0.19223596680652097
0 0.47408925354374426 0.6760838191017318 0.09763167334809957 0.31670020802485366
0 0.9100267535437443 0.7201283104023767 0.06950667334809957 0.31385862794094116
0 0.6253909376891855 0.7183222462159321 0.07277137569213803 0.349433160167825
0 0.05220376156330877 0.6655939189494924 0.06275363047249996 0.4645211712323182