0 0.5059616721120834 0.2499929866461696 0.024601262917777866 0.08789955975326944
0 0.5086515674386807 0.33345152360463126 0.024310322188333445 0.06639418340918342
0 0.5357595813063891 0.3759025658769746 0.0316149823325695 0.1448519871570087
0 0.44673344889756966 0.371454131287669 0.03721036569131932 0.09696570488332852
0 0.49517094889756963 0.37533544366664806 0.02961607123840295 0.1124687190157512
0 0.5859050516711113 0.3906617700531251 0.030234320288472283 0.1581676437469341
0 0.19560735999173628 0.38355441215813263 0.024093423062014008 0.1657313453754529
0 0.847351697947639 0.4492051840517112 0.03357752583555538 0.17454708325525536
0 0.7896846683123613 0.45532533809400505 0.030597996200278033 0.18504936417704163
0 0.8960437710859029 0.4719037007317656 0.032196863791458696 0.18786273984518076
1 0.45927242933027806 0.6060763207803747 0.5274028738594447 0.4504201613305056