0 0.465625 0.1182687365578726 0.0125 0.04558512261564395
0 0.415625 0.13863739603453296 0.0125 0.0901860615827801
0 0.5046875 0.13397250537929037 0.015625 0.04348375068739533
0 0.53125 0.16709238273184504 0.0125 0.0972283151039069
1 0.5109375 0.18512360604329936 0.2203125 0.1135903682603493
0 0.1484375 0.23479169241340628 0.0203125 0.06967441579971717
0 0.265625 0.22791238854902113 0.034375 0.0754764580850397
0 0.16875 0.24023464750570786 0.0265625 0.06547167194321993
0 0.0390625 0.252792970699352 0.0171875 0.07647062340871703
0 0.5859375 0.24494620368276893 0.0375 0.09215442887979577
0 0.509375 0.29322784965663984 0.028125 0.058552441378156656
0 0.6515625 0.324286281781624 0.034375 0.08486612944654204
0 0.6796875 0.35963055401849076 0.021875 0.1871683307745601
0 0.98125 0.3875303159865026 0.034375 0.22571119986907726
1 0.5296875 0.5099384103827442 0.375 0.4426710493613377
0 0.940625 0.4869730442995521 0.040625 0.2449826344163359
0 0.075 0.613813207968108 0.053125 0.22014522182071236
0 0.01875 0.6393687949497734 0.0375 0.2940323631520963
0 0.0703125 0.8559663143949839 0.053125 0.2670935786282239
0 0.490625 0.09752102653785226 0.0140625 0.07857199533696566